1
2
1
3 1
4
4
5 6
7 8
9 1 5
10
1 11 12
13
14 5
1 15
16
5 1 17
3 18
19 1 20
21 12
22 5 23 22
3 24
3 25 26
23 27
28 29 30
3 31 32 32
33
34
33 35
3 31 32 32
9 36 37
3 1 38
39 40 41 1
12 10 42
9 1 5
1
3
3
23 12
5 1
43 5
3 43 5
44 12
3
45 37 45
1 46
44 12
3 1
47
3 5 1
3 48 33 49
3 50
5 1
3 5 1
5 1
1 51 52
53 19 1
43 19 1
5 1
54
55 32 56 57 29
11 58 1
19
5 1
3 5 1
59
19 1
60 27
61 62 19
3 63 1
43 1
43 1
3 64 65 66
61 62 19
3 31 32 32
3 5 1
67
67
67
67
67
29
67
67
67
68
60 27
3
3 5 1
3 31 32 32
69 1
3 5 1
5 1
3 70
3
3 1 38
3 34
49 71
72 73
74 72 75
72 73
72 73
43 1
5 1
67
76 77
10 5 78
10 5
79
49
80
53 5
53
81 82 83
49
84 32
5 1
3 85 86 1
87 88
3 81 82
53
1
3
61 62 19
3 53
3 63 1
1 40 89
3 87 88
1 90
3 19
76 77
91 92
85 68
93 94 95 95
76 77
96 10
76 77
43
3 63 1
58 5 97 98
3 53
3 43 5
10
5 93
19 1
68
85 68
3 32 32
99 5 10 29 12
19
1 90
3
3 19
3 1 90
100 19
3 43 5
3
33
53 1
3
101
3 33
3
19
102 1
45
1 9
103
104 1
35 105 106 40
3
9
45
3
107
43
23 27
1
3 19
43 5 1
32 32
108 9
5 1 22
5 1 22
109 1 86
1 5
110
3 19
3
111
19
3 87 88
3 102 1
72 112
72
85 113 1
114 115 116 117 118
53 40
1
1
32 119 120
22
121
122 123 10
45 23 5 1
1
3
5 1
3 5 1
124
61 62 19
125
126
3 87 88
72
3 87 88
49
1
127 1
3 128 1
3 128 1
129
1 40 89
29
3 128 1
1
111 40
5
130
3
3 5 1
131
5 132
58
1 5
5
3
3
3
133 134 135
136
137 5
138 139 29
137 5
3
140 85
3 5 1
137 5
141
142
3
3 93
3 136
3
143
3 136
1 40 89
33 35
3 136
45 23 5 1
3 19
49
3
3
3
3 128 144
51 37 12 1
3
3 34
58 1 145 93
5 146 147
1 12 148
12 23 19
149
1 5
3
1 93
29
45
150 1
3
3 128 144
3
151
152 19 153
49 79
113 1
3
53 1
3 1 38
154
67 155
156 157 158
3 104 1
159 9
160 1 22
108
5 1
108
5 1
108
5 1
3 90
5 1
5 1
5 1
137 5
161
162 163 40
3 164
85 1
136
165
3
3 67 155
32 85 166
167
168
3 1
1 58
136
142
3 67 155
169 127 170 79 171
3
172
1
173 174
168 42
3
35
3 45
9 58 175
176
1
5
3 114 177 178 179
40
3 33 35
3 5 1
180 1
3 32 181 182 183
3 1
19
32
3 19
1
184
185 163 23 19
3 186
32 187 5
19 1
5 1
3 188 72 12 5
3 168 42
19 29
189 190 191
43 1
150 1
5 1
5 192
107
193
3
41
45 23 5 1
3 194
195 163 23 19
3 128 1
3 5 192
3 5 192
1
196 163
197 198 199
19
3 114 177 178 179
200 58
201
43 1
3 61 62
202
111
1
178
29
203
9 111
196 19
45
1
5 204
3 128 1
196 205
19 1 206 43 207
196
208
209
210
3 19
163
3 5 204
5 1 5 1
111
211 111
3 163
3
212 1
43
5 213
214 1
19 29
5
3 214 1
215 72 216
215 72
72
3 163
72 22
72 22
72 22
1
217 49
3 214 1
3 218 219 58
1
196
3 214 1
1
1
79
220
147
3
3 87 88
5 221
3 163
189
5
1
3
5 1
43
32
197 198 199
9
222 223 40
72
1
19 29
3 19 29
224 40 225
5
3 214 1
1
45 23 5 1
29
5 1
1
3 1
45 23 1
19
226 1
227 49
45
32 1 228
229 230
3 231 40
232 1
1
3 5 1
222 223 40
1
3 163 23 19
137
233 234 235
163 236
3 5
3 231 40
3
237
1
5
3 61 62
238
3 200 58
3 1
3 163
239 1 19 40
239 1 19 40
3 5
239 1 19 40
240 222 223 40
239 1
3 1
1
19 1
1 222
241
111 1
12 5 27
3 232 1
3 1
242 85 243
1
244 19 1
245
1
163 236
3
3 196 246
1 49
5 247
1
9
43 248
1
3 163
249 19 29
1
3 1
222 1
3 61 62
223 19
5 1
3 240 222 223
5 1
250 49
1
3
3 1
1
137
1 1
1 1
3 196
5 50
3 203
51 251
1
1
85 1
19 1
33 35
223 19
3 223 19
12 23 5
43 5 1
3 1
3 248
3 244 19
3 163
3
1 252
3
156 253
1
1 5
32
3
32
254 5 1 19 173 43 255
254 5 1 19 173 43 255
3 1
254 5 1 19 173 43
254 5 1 19 173 43 255
254 5 1 19 173 43 255
254 5 1 19 173 43 255
254 5 1 19 173 43 255
254 5 1 19 173 43 255
5 256
163 236
3 3 1
3 1
257 258
1
12
32
3 231 40
259 19 19 19 126
3
1 113
3 244 19
5 50
3 248
260 1
3 163
3 5 204
3 1
234 235
3 163
201 261 178 262
263 19
3 5 204
221 264
3 244 19
3 19 29
265 1 266
9
5
3 5
49
267 32
3
5
1 223
5
5
5
1 268
3 9
269
3 31 32 32
3 5
270 1 5
267 32
3 128 144
271
221 9
1
3 9
3 270 1
29 43 29
272
3
267 32
3 259 19 19 19 126
3 5
85 93
222 1
1
178 178
3 5
32 88
5
1
1 5 51 273 5
5
1
1
86 1
1 222 163
111
1 274
275
1
267 32
3 163
5 1
111 276
277 3 1
1 5
3 1 5
3 9
3 86 1
3 86 1
278
86 1
178
45
1 32 86
267 32
1
86
3 9
1
279 5
267 32
5 204
3 31 32 32
1
267 32
1
280
3 1
86 19
3 244 19
281
3 1
86 1
5 282
3 9
19 283 284
3
85
86
3 86
3 196 246
3
3
3
3 86 19
3
86 285
3 178 178
3
137 5
1
86
3
86
45
53 1 286
3 287 5
86 288 289 290
3 5
280
3
3 126
1
86 163
3
86 291 89
5
5 22
5 5 292
86 163
3
3 86
1 19
3 293
294 105 106
3 178 178
3 86 163
99 37 12
86 19
86 163
3
295 296
3 86 163
297 298
5 1
3 86 285
86 1 291 299 300 299
3 86 19
3 111
1 301
1 5
72
5 72
72
3 86 163
3 86
1
302
137 5
3 86 19
1
86
3 1
33 106 40
19 1
19 19 1
1
3 168 42
303 304
3 5 204
299
305
306 58
307 111
308
309 3 1
310
311
49 1 58
1 312
3 86 19
86 1 19
3
313 314
3 86 285
3 168
315 19
3 1 222
5
178 299
3 86 1
280
86 49
3
3 163
5 1
316
3 280
3 196 246
163
3 86 1 19
3 86 163
3
3 86 19
5 1
317 3 1
5 1 318 5 144
40 40
3 86
280
86
86
163
3 280
3 86 163
280
86
3 280
111
3 163
319 299 319
32
280 1
3 163
3 163
320 321
5 1 322 323 1
86
3 9
163
1
1
51 1 324
3 163
86
303 1 325
5 326
1
5 49
3
3 163
19 29 49
139 32 23 5
3
1
3 163
76 77
254 5 1 19 173 43 9
86
280
280
327 1
1
1
3
3 86 1 19
49 1
86
3
1
9
3 196 246
3 163
3 1
3
328 1
3
3
1 329 49
3 1
3
1
3
1 324 40
3
330 331
3
332 333
3 163
36
32 5
1
1
3 163
3
3 163
3 126
334 1
86 163
3 86 1 19
163
1
86
3 163
3 163
1 329 49
335 1
303
3 280
1
178
5 233 29
1
58 37 40
336
1
32
305
3 1
3 163
328
178 40
51 1 337
3 86 1
3 163
3
3 163
1
338
1
3
339
111
340 341
342 29
3 40 40
45 1
1
51 1 324
280
3
3
343 45 344
3
3
345
3
1
86 1
32
3
254 5 1 206 43
3 1 19
3
3 49 1
3
1
3 1 324
167
3 346
220
347
348 299
336 349
3 350
1
32
351 49
3
99 1 337
3
352 178
99 1
353
3 3 1
3
3 350
341
51 86
32
3
354
160 22
354 5 5
355 49
5
5
3
5
5
5
5
3
3
3
3
3
354 45
5
45
5
3 163
45
86 1
5
45
3 167
163
3 86
1
3 86
1
36 5 1
36
356
3
1 5
36 5 1
341
49
3
32 5 37
3
51 1
303 1
19 1 357
19 1 357
49 358
1 62 1
3
5 359
360
3
32 361
3
3
280 49
45 22 1
5 1
3
3 32 362
3 19
363 1
3 49
364
1 5
3
280
254 5 1 359
3 1
3 32 362
3 32 362
3 32 362
3 163
32
1 365
111 366
5
3 163
341
3 32 362
49 367 368
3 32 362
49
85 1
3 32 362
3
3 111
369
3 1
280 1
3 280
19 1 357
370
45 5
3 32 362
351 49
32
327 1
3
3 1
3
364
1 5
371 37 37
372
86
3 32 362
3 85
3 86 1
9 373
3
3 139 32 23 5
3 1
210
86
1
280 1
222 1 374
375 376
32 12 32 12 377
3 32 362
1
49 378 379
3 32 362
3 280
86
380 381
280
3 5
382 111
32 383
99 86
3 163
99 1
86
29
3 32 362
3
3 5
68
93 384
82 86
370
35 385
1
3
3
386 1 297 297
387
3 86
3 163
280
32
3 280
3
3 163
3 32 362
218 32 1
3
280
3 280
3 163
3 32 362
32
388
125
3
40
3
389
3 1
3 32 362
3 382 111
390
391 86
32 4
3 40
3 32 362
33 35
86 1
32
3 86
5 392
3 390
1
3 86 1
393 1 40
394 395
3 32 362
3 390
3
32 4
51 1 337
32
3 32 362
396
397
3 390
3 32 362
3 32 362
3
3 398
51 86
93
3 32 362
3 32 362
86 1
3
3 29
3 398
86 1
3
3 390
3 19
399
51 1
86 400
3 341
3
3 32 362
32
51 280
3 163
3 32 362
3 398
401 402
3
3
403
233 404
3 32 362
86 1
405 406
3 86
86 1
86 407 19
3 32 362
408 409 410 411 412
86
29
3
3
72 75
5 72
72
51 1
3 32 362
215 5 72
3
3
111 85
3 390
3 32 362
413 414
415 12 12
280
3
11
3
3 341
3 398
86 29
126 178
3
1
86
416 1
86 221
1
3 126 178
3
3
417
111
3 32 362
3
3 126 178
178
3 126 178
86
418 419
49
32 4
125
3 280 1
3 163
3 86 29
1
3 1
3 86 29
51 324 1
420 1
421 1 1
422 1 51
356 423 424
3 398
425 426
111
427 86
86
428 429 85 430 9 32
3 32 362
258 49
417
3 382 111
126 178
1
3 425 426
3 390
258 431
3 382 111
3 86
1
280
5 72
280
3 341
432 1
3 390
32 4
19 1
3
3 398
32 5 280
49 1 5
3 32 362
1
3 382 111
5 1
1
3 32
294 105 106
433 1 62
3 341
3 126 178
3 32 362
99 37 12
3 390
86
86
51
434
435
3 210
86 436 1 437
280 49
3
86
405 406
86 40
3
3
427 86
426
3 163
438
3 126 178
3 49 1
3
178
3 1 324
439 440 32
1
1
441
86 1
3
3
319
86
3
3 86
43 5 1
3 111
178 40
49
442 443 444
3 86
3 211 111
32 5 280
99 1 337
1
3 126 178
445
99 86
3 32 362
5 446
99 1
3
3
3 178
99 1
3 126 178
3 86
3
126 178
1
3 5
99 1
19 1 447
3
1 448
35 35 33
1 58
68
3 390
32 4
3 32 362
178 449
3
3 398
3
3
3
3 86 1
3 86
3 86
3 86
368
3 86
5 450
3 86
5 446
3 32 362
178
3 86
3 86
451 452
32
3 86
3 178 449
3 178
453
3 439 440 32
3 1 58
32 4
3
49
3
5
3 398
86
3 86
3 32 362
32
3 398
3 178 449
3
3
3
178
3 1
3
86 1
3 398
3 86
454 455
3 86
86 1
178 280
3 32 362
3 178 449
3
3 86
456
3
3 126 178
3 1
3 86 451 452
111 19 457
3 86
32 178
85 458
3
3 32 4
3 86
459 40 248
45
3 86
3 32 362
3 86 1
3 178
3 86
32 254 19 460
36 125 36
32
280
3 86
3 86 451 452
9 32 5
33 106 40
1
5 1
5 1
461
3 32 362
462 12
12
178
3 86
3 425 426
3 86 451 452
178
3 86
463
464
3 5 204
3 178
3 86
3 439 440 32
43 5 1 5 1
465
3 86
32 4
3 86
163
3
19
32 178
3 32 362
3 32 362
19 299
466 467
3 398
3 32 362
468 5
3
86 5
85
233 32 302
3
86
3 32 362
469
470 176 471 472 473
1
3
3 19
3 86 1
99 1 337
99 86
126
3
99 1
3 86
3 32 362
3 398
99 1
474
3
3 86 468 5
280
3 475 111
3 86
49 476
3 32 362
477 12 12
252
86 478 233
86
3 32 362
3 398
280 32 178
3 32 362
3 86 29
280
1
1
1
19
280
3
86
3
3
3 32 362
3 86 468 5
3
3 163
3 19
280 32 178
3
3
3
3 32
58 125
9
479 86
3
178
3
480 1
3
3 86
3 86
3 398
51 324 1
3 280
5
1
3 86
3 19
3 9
3
3 5 58 405
481
3 19
3 163
280
3 9
3
3 86
32
3
3
3
3
417
3 9
3 86 468 5
3
3
3 86 468 5
482
1 58
3 9
3 40
19 1
3 86
3 398
466
364
1 5
3 32 362
3 483
484
3 86 482
3 19
3 86 468 5
482
3 466 467
3 19
3 9
1
3 19 58
364
1 5
3 481
3
3
485 482
3 32 362
3 280
486 1
3 86 482
178
3
3 32 362
364
1 5
3 32 362
487
3 9
3 86 482
32 4
3
3
3 483
3
3
3 86 482
3 86 482
488 92 1
489
86 482
364
1 5
32 383
3 86
32 9 40
86
45 5
303
303
3 9
86
490
3
482
382 111
3
3 86
3 9
3 483
3 9
3 489
364
1 5
3 32 362
491
9
364
1 5
3
3
280 32 178
3 9
492 163
280
3 86 482
364
1 5
3 364 1 5
3 126 178
364
1 5
3 19
493
19 1
32 5
3 32 362
3 86 482
3 9
3 86 482
3
3 86 482
364
1 5
3 86 482
32
3 86 482
3 86 468 5
299
3 425 426
3 32
3
494 1
418 32
364
1 5
3 86 482
3 86 482
495 32 482
32
3 86 29
280 32 178
1
5 49
86
1
3
496
497 49
40
5 1
3
3
3 86
3 40
482
5
86 482
498
3 418 32
1
36 5
43 5 1 5
43 5 1 5 1
499 223
500
501
364
1 5
502
137 5
503
3
3 418 32
280
3 502
1
3
3 502
45 504 40 248
501
3 1
418 32
19
3 501
3 501
3 86 482
5 1 258
51 505
3
178
3 502
501
1
3
3 32 362
3 1
280
3 501
86 9 506
3 500
3 497 49
3
5 49
5 1 507
3 501
3
3 501
3 86 9 506
3
36
280 32 178
3 502
3 32 362
3 32 362
364 1 5
3 86 482
1
508 501
9 1 509 79
510
3 32 362
3 501
511 512
3
1
19
3
49
3 86 9 506
3 86 9 506
3 502
3 19
3 86 9 506
3 19
513 280 32 178
3
5 1 514 1
5 1 514 1
370
5 1 514 1
5 1 514 1
5 1 514 1
5 1 514 1
3 163
502
3 86 9 506
3 40
86 9 506
3
3 86 468 5
3 501
40
32 482
3 19
515
3
3 86 9 506
3
3
32 86 5
3
86 5
3 86 9 506
3
3
501
3 501
3 86 482
3
3 501
3 516
517
3 19
32 280
3 86 482
86 5
3 502
280
3 518 519
32 178 32
3 418 32
501
3 86 9 506
3 86 468 5
520 501
3 280 32 178
482
364
1 5
3 86 1
3 86 5
3
440 521
3
3 501
3 501
3
3
3 501
40 178
3
3 86 5
280
3
3 86 9 506
522
86
482 32
86 5
3
19 1 86
523 86 1
3 364 1
45 504 40 248
111
35 385
501
3 19
86
99 524
3 525 1
9
3 40 178
3 19
32 482
3 525 1
526
5
40 178
86
49 5
19 1 86
1
5 1
3 501
3 86 9 506
3 32 362
32 527
3
178 86 1
3
3
5 1
3
3 528 58
529 111
3 528 58
5 49
3 364 1
40 178
19
3 1
3 86 5
1
3
32 280
3 530 482
280
3 350
3
3 19
531 142 1
3 178 86 1
3 86
3 398
86 9 506
86 98
364
1 5
3 86
3 501
32 482
3 19
501
86 9 506
3
32
86 9 506
5 1 258
3 501
1 532
3 86 482
3 19
364
1 5
3 32
3 86 9 506
3 86 468 5
3
3 86 451 452
49
3 86
49
32
32 482
107
533 534
32 535 32
536
3
537
5 1
3
3
3
3 86
85 85
3
3 19
538
3 40 178
3 501
3 501
364 1 5
32
3
482
3 1
3
86 9 506
3 19
3 501
1
5
3
5 19 1
3 32 482
3 86 5
3
3
539
32
3
3 86 9 506
3 19
36
1
540
3 501
3 398
3
5
3 32 362
86 5 1
3
5
1
541 1
1 5
86 58
19 1 86 32 86
354 303
3 40
542 107 9
3
32
3
9 107
86 5
86 1
3
3 40 178
32 86
9 107
3 86 9 506
32
3 280
32
9 107
32
9 107
543
32
9 107
413
502
3 86 482
3 86 482
3 9
1
32
9 107
9 107
32
3 178 86 1
280
3
3
544
5 19 545
3 1
3 541 1
3 501
3 86 1
86 5 1
3 502
3 5 144
3
3
3 86 1
86 5
3 356 19
19 1
546 547 548
280
3 502
3
3 19
280
549
3 5 19 545
3 502
3
3 86 468 5
3
1 223
86 9
3 502
3
3 86 1
86
550
549
1
5 1 258
3 86
551 552
3 86
3
3
553 32 12
417
3
32
3 86 58
3 86 9
40
3 86 9
3
3
3 86 9
3
3 86 9
300 280
1
3 86 5
86 1
300
3 86 9 506
3 86 9
3 86 1
554
3 86 9
3 32 362
364
1 5
86
3
3 19
3 178 86 1
86
86 1
3 86 9
3 502
3 86 9
3 86 9
3
555 556 557
3 86 9 506
3 520
3 32 482
558 559
3 86 9
3
3
3 86 9
550
3 501
560 5
86 1
5 1
3 86 9
32 482
3
3 32 482
561 40 178
3
1 5
3 1
280
562 32
563
3 86 9
564 3 40 178
3
3
3 19
3
3 19
3 86 5 1
32 5 280
111
3 36
3 32 362
86 9 506
3 565 1
86 5
280
3 501
3 86 1
566
3 5 1
3
3 1
3 86 9
99 324 1
3
3 86 482
5
86 32
3 280
3 280
3 32 362
1 567
86 5
29 568
86 5
280
3 19 1
3 86 1
3 36
12
3
86 9 506
23
32
3 5 1
3 501
3 280
3
3
3 501
86
32
3 32 482
3 29
127 3 178 86
569 1
570 9
1 567
86 9
3 12
569
3
280
3 9
571
3 501
86 9 506
3 86 482
3 572 573
3
3
574
575 111
364
1 5
3 280 32 178
72
3 571
576 93
3
19
577 40 126
99 524
3 86 9
578
217 579
3 86 5
569 580
280 32
3
3 86 482
3
32 535 93 178
3 501
3 32 482
3
3
3 32 362
86
3 86 9
3 86 32
3
3 1
14 1
3 280
3
86 581 9
3
32
86
526
482
12
3
582 501
86 1
3
3
3
583 40 178
1 400 85
86 1
32 280
178 86 1
584
585
3
3 86 482
215 86 5 10
86 5 10
86 5 10 586
86 5 10 586
535
587
588
3
3
3
3
3 86
3 86 9
178 589 590 591
280 355
86 300 592
568 389
3
3 12
12
593 594
3 126
3
3 163
5 1 514 1
29 29
3
86 1
1 58
5 1 514 1
3 86 1
86
3 32 362
5 1 514 1
3 12
3 588
5 1 514
3 405 406
5 1 514 1
3
595
596 19 1
9 107 51 9 29
3
280 1
175
3
3
86 280
3 32 362
3 19
137 400 85
3 12
79 597 29 1
3 576 93
137 400 85
574
35 400 49
3 5
598 527 599
598 600 527
3 12
422 1 206 601
3
3 86 468 5
3 9
3
3 86
602 86 1
3
3 178 449
603
604
569 605
606
607
19
421 1
137 400 85
3
608 609 610
32
3
111 1
49
32 368
3
611 612 613
58 1 614
3 178 449
1
1 5
3 501
3 86 482
3 615 1
49
616 371
3 86
222
1 49
32 175
19 1 86 125
33 35 617
5 1 258
86 1
19 29
3
86 618
280
3 569 605
3
619
3 12 5 27
364
1 5
355
86 1
620 621 111 32
1 5
86
3 611 612 613
3
3 569 605
3 569 605
622
32
440 623 29
3 86
3 280 355
604
624
3 569 605
355 625
42
3 32 362
12
3 626
3 58 1 627
3
3 501
628 111 40 629
1 5
86 5
3
86 5 10 586
3 1
86 5
32 280
32 280
86 5 10 586
32 280
3 569 605
3 501
3 624
630 631 612 613
632 86
222 633
222
634 468
1
1 635
636
86 1 5
3
3
3 86 482
3
3 86 9
3 1
3 637 611 612 613
3 280
3 86 9 506
3 9
638 639
3
9 32
86
1 5
5 1 514 1
86
3 19
178
3 58 1 627
3 355 625
3
3 86
3 637 611 612 613
640 370 355 641
3
3 86
294 105 106
221
3 86 482
125
3 642 355 641
3 86 9
3 19
86 1
3 626
168
3 643 29
3 32 362
355 23
3
3 642 355 641
3
3 32 362
40
3 86 5
3 355 23
3 86
3 480 644
3 501
3 502
86 511 645
5 58
3 29
86 646
364 1 5
3 40
3 355 23
647
86 5 648
364
1 5
86 646
3 86 9 506
3 86 511 645
3 569 605
280
3 19
3
3 40
36 32 649
3
86 1
163
9
86
3
650
651 1 5
3 40
3
32
370
355
1
3 40
3 29
3 86 482
3 355 23
3 642 355 641
418
178
3
3
86 652
3 40
3
3 501
111
3
3 355 23
3
1
1 223
3 86 482
3 653
1 5
3 86 482
3 355 23
9 32
654
3 86 9
32 527
178
86 511 645
655
3
3
3
656
3 32 362
3 86 652
40
221 657
86
1
3 86 511 645
3 40
418
3
3
3
658 1 49
3 86 511 645
3 86 652
659
3 221 657
86
3
3
3 32 1
3 40
3 655
3 40
3
660 58 19
1
355 23
3
661
3 650
3 86 511 645
222 19 19
111 9 40
3 355 23
3 40
32 349
3
32
3 40
585
3 32 362
3 222 19
3 355 23
5 1
418
19
5
3
662
3 163
3
3 222 19
3 178 449
3
86
3 40
32
19 1
5 1
3 222 19
663 32 341 111
3 86 9
3 86
3 40
1 664
3
5 5
3
3 86 482
86
86
86
3 355 23
665
3 86 9
3 655
32
86
3 86
3 355 23
666
3 86
86 1
3 86
3
3
667
40
3
3 86
3
668 78
3 19
3
32
669
3
86
670 1
3 86 9
670 1
9 107 9 29
3
280
671 86
672
19 5
673 19
1
222 19 19
3
3 86
674
3 40
675 5
5 1
676 32 677
678
3
3 86 19 5
9 178
3 163
1 664
3 659
3 86
3 86 19 5
32 86 344 1
3 19
3
679 680 681 5
32
9 682 9
32
3 676 32 677
3 86 19 5
683
679 680 111
3
3
3
676 32
86 9
676 32
3
684 685
3 676 32 677
3 665
3
3 280
3 678
3 684
1
3
32
676 32
3 163
3 86 19 5
3 86 19 5
32
3
526 32 297
526 32 297
526 32 297
686 535 687
688
19
86 5 98
3 86
689 19 5
3 86 482
19 5
3 86
3 86 9
3
676
3 86 9
280 1
3
3 222 19
3 676 32 677
3 676 32 677
3
3
86 1
86 5 280
1
690 86 1
33 35
691
3 86 19 5
3
3
3 355 23
99 12
692
19 1 86 693
3
1
3
85 86 1
3 32
19 1 86 32 86
3 163
3 642 355 641
3
82 86 694
32 695
86 5 648
690 86 1
32 5
86
3 86
3 689 19 5
3 32 362
3
40
696
3 86 482
3 222 19
3 40
3
697
684
178 126
280 684
3 280
3 82 86 694
1 93
3 86
3 86 511 645
86 19 5
3 676 32 677
3 86 9
578 32 40 280
3 40
3 86 482
86
86 32
3 82 86 694
29
1 698
3 82 86 694
295
3 501
82 86 383
699
32
684
3 32 362
3 32 5
3 690 86 1
3
3 86
3 86 9
280 32 178
3 676 32 677
3
700
3 82 86 694
3 676 32
3 701
3 86
3 32 362
702
3 32 362
280 32 178
9 32
19 1 32 86
19 1
3 85 86 1
3 178 126
3 85 86 1
3 703
32
704 32
3
1 86 705 706
3 58 19
3 86 9
3
696
3
707
3 82 86 694
86
708
5 1 507
3 82 86 694
178
3
3 58 19
364
1 5
709 1
710
32 676
3 58 19
3 58 19
178 711
712
137 400 85
86 5 98
713 714
3
3 715
3 1 86 705 716
501 717
3 82 86 694
3 86
3
3 678
280
3
111
9 32
3 708
718 719
3 5 204
86 1
93
676
3
684 698
671 720 721 32
32
3
675
3
3 676 32 677
86 5 648
32 29
32 9
99 1 337
3 32 362
3 676 32
676 722 1
99 86
723
3
32 553 9
32 684
3 32 684
3 501 717
3 703
3 654
3 398
684 724
3 501 717
491
671 1
19
280 32 34
19 1
3 703
3
3 82 86 694
3 82 86 694
178 725 126
32
3 86
3 418
726
86 5
727 178 126
32 676
86
705 32 111
3 82 86 694
9
19
728
58 400 5
684
32 676
99 524
684 280
3 501 717
3
32 578
32 5 729 1
5 730 731
178 732
733 40
86
734
86 299
86
735 32 1
3 32 578
3 32 362
3 58 19
3 58 19
111
3 86
3 501 717
3 676 32 677
3 501 717
708
3 708
3
736 32 9
3 86
1
178 725 126
32
737
3
738
739
3 32 578
3
3
723
178
3 32 578
740
49 86 5
3 86 482
86 676 1
3 178 725 126
3 501 717
1 5
3 86 9
3
3 82 86 694
3
3 32 362
3 32 362
178
3 501
3 86 482
86
58 741 32 742
137 5
3 19
19 1 86
32 578
32 5 729 1
36 32 649
1 1
19 1 86
501
743
19 1 5
1 1
3 178
19 1 86
19 1 5
3 337 344 1
744
32
3 675
86 1
19 1
3 1
3
1 58 745
3
3 1
3 178 725 126
739
3 675
746
3 1
40
86 5 648
3 58 741 32 742
32 5
212 32
747
32 1 29
3 280 32 34
3
3
354 303
86 3
354 108
131 111 748
29
9 107
3 355 23
3 178 725 126
9 107
3 501
32 5
9 107
3
9 107
93
3 501
1
749
3
3 32 362
178 661
3 675
86 5 86 750
303
3 1
137 400 85
364
1 5
3 32 5
3
19 1
751
32 178
3 280 32 34
697 1
3
32 482
3
3 32 578
3 1
3 707
10 280 684
1 752
3
3 708
3 29
3
32 178
3 178
3 1
3 58 19
3 1
3
3 1
3
178 178 178
3 675
3
753
178 178 178
280 1
3 32
578
1
1
3 676 32 677
86 754 501
3 19 1 86 693
86 676 1
3 642 355 641
3 32
366 1
3 19
3 1 752
3 32 578
3 676 32 677
1
3 32 5
3
3 578
3 413 501 755
3 82 86 694
3 1 752
578 756 676
1
718
3
3 720
3 1 752
757
3
3 675
3 178 711
138 126
32 178
3 718
1
758 221
3 1
3 203
3
3 86 754 501
233 32 218
35 400 49
3 676 722 1
3 1 752
3 86 482
3 418
32 138
697
280 82 40
3
3 86 19 5
33 5
3 32 138
349 138
759 178
3 578
3 418
3 86
3 659
760 1
3
32 19 761 32 762
763
3 1 58
32 178
684 1 89
3 32 138
735
3
349 138
3
676
3
32 138
3 1 752
3 718
3
3
32
280
32 527
138
764 527
3
434
3 5 676 765
3
3
766
3
3
767
3 1
768 40
769 1 5
86 1
769 1 5
770
3 32 578
3 578
107 771
3 82 86 694
3 32
772 32
773 86 1
676
676 1 32 138
280
1
766
3 501
29 221 86
3
85 86 5
766
774 19
86 1
86 5 280
1
86 1
86 395
215 1
175
86 1
3
86 1
86 1
3 32
49
3
86 5
32 578
3 418 32
775
776
32 684
3 86 676 1
32 5 280
32
32 684
3
3 1
3
3
3 32 138
364
1 5
3 1
777
3 778 729 1
32 138
3 675
3
779
3 12
3 49
3 40
3 86 482
3 49
3 1
3 86 1
3 49
111 139 93 111
777
684 780
781
782
3 501
3 32 578
3 32 362
1
1
9 32 5 280
777
3
1
5 1
676 86
783
349 49
33 784 243
3 32
3 32
32
19 1 5
3 491
598 5
3 676 86
32 785
126 676
3
3 708
3 86
32 49
3 675
786
3 3
3 32
3
787 49
788 566
789
280
3 501
3 49
790
3 49
93
3 178 725 126
791
3 788 566
3 280
1
751
3
575 792
3 32
3
3 501
32
131
3 793 794
795
3
3 776
58 19 233
684
796
3
3
676 86
797
676 798 799
3 82 86 694
12
800 107 51 9
125
32 32
777
801 178
3 788 566
802
32 684
49
3
3 86
803
3 793 794
804
805
32
3 676 798 799
1
3
86 675 19
86 5 86 599
280 676
86 5 86 5 280
86 5 86 5 280
86 5
74 86 5 10
86 5 10 586
578
3 806 19
684 807
49
526 718
49 1
676 86
3 806 19
3 806 19
3 82 86 694
3 19
3 801
3 806 19
19 1 125
808 809 810
3 806 19
811 812 813
3 86 482
3
32 814
1
3 806 19
3
3
3 806 19
19 1
3 178
815
3
3 32
718
3 676 798 799
1 816 5
755
3 806 19
3
3 1
817 818 1
819 9
820 821
3 806 19
3 806 19
3
19 1 5
86 163 33
19 1
86
1
3 806 19
86 5
676 280
3
3 806 19
3
1
3 32 362
578
86
3 806 19
111 62 49 32
86 5 98
3 806 19
3 806 19
3 793 794
280
1 528
822
3 676 798 799
3 86 5
36
86 675 19
823
3 806 19
824 32 825
3 806 19
3 86 5
684 280
826
827
684 138
383
3 806 19
3 822
675
3 806 19
676 86 828
111 121
3 86 1
3 806 19
23
3
829
3 718
3 806 19
163
3 806 19
830
831
3 806 19
3 1
3
3
3 676 798 799
29 233
3 806 19
3 806 19
3
1
3
3 806 19
3 676 32 677
3 86 482
832 1
3 806 19
3 501
3
3
823
3
684 833
3 806 19
86 675 19
3
3 806 19
40 834
3 675 835
836 837
838
684
3 675 835
49
3 1 528
86 5 98
19 1 51 5
19 1
839
3
3 1
684
280
85
840 51
1 51
86 675 19
3
1
3
1
40 834
3 841
3 86 482
3 684
3
842 843 837
3 675 835
844
3 806 19
3 801
845
19 676
108
303
303
846
1
3
3 684 366
19 1 125
3 1
3 1
847 1 125
838
3 86 9
3 684 366
684
684
5 1
3 822
3
3 806 19
3 806 19
848
849 163 850
851 852
853 788 49
12 5 27
854
3
3 9
676
3
3
855 49 5
280
856
845 857
3
3
85
86 675 19
3 788 566
858 32 29
3
859 1
1 301
36 301
811 860 1
5 1
861
3 806 19
280 5 1
280 5 1 862
344 536
5
863
1
3 676
3
3
1
3 806 19
3
3 676 86 828
3 49
3 86 9
3 1 86 864
865
3
3 806 19
3 684
3 32 138
684
3 676 280
3
3 866
3 866
684
867
868 1
869 49
19 1
19 1 5
676 5
3
3
86
29 368
35 400 49
3 806 19
108 51 108
49
3
684 40 223
3
684
696
40 870
871 1
3
3
58 1 49
3
865
1
3 806 19
3
3
3
684
3 86
3
3 32 362
872 873
3
3 806 19
699 49
32 874 875
3 806 19
3
40 32
3
3 655
876 675
848
877
3
32
878 848 1 325
5 1
3 86 9 506
879
3 86
3
3 865
3 49
3
3 32 138
3 32
3 86 482
676 19
3
676 86 5 413
280
86
223 9
1 684
3 40 32
3
3 86 482
3 1
19 1 49 19
32 676 1
3
223 9
32 9 218
880 40
881
3 882 5 1
108 51 108
3 676 19
3
49
3 883
32 280
1
676
1
684
265 1 266
3 884 40
3 676
885
19
823
3 49
3 882 5 1
886 138 29
265 1 266
1
3
178 684
111
887 655 888
3
3
3 676 86 5 413
29
3 85 86 1
3 82 86 694
280
3 887 655 888
1
9
3 297
889
265 1 266
3 676 86 5 413
265 1 266
1 890
891
303
892
3
302
49
3 676 19
858 300 893 5
32 1
3 894
3 1
3 49
233
1 684
684
895 896
49
3 9
3 897 5
19 1
859 1
3 32 578
770
3 897 5
3 898 837
9 899
9 218
3
3 86 482
806 19
3
35 400
676 9
23
3 897 5
3
3
3
3
3 32 578
3 1
19
86 1
900
3 897 5
3
901
902 684
265 1 266
23
3
9
3
280 903
265 1 266
3
265 1 266
3
3 897 5
19 1
19 1
280
9
3
49
3 892
19 1 5
86 163 33
3 501
3 676 19
143
3
3
904
3 676 9
3
1
9 218
300
3
265 1 266
23
3 905 684
3
906
907
3 676 9
3
3 86 1
178
23
3 676 86 5 413
3 19 1
3 32 362
3
178
3
3
23
178
676
684 908
3 885
909 233
32
354 910 676
725
3 884 40
911 9
725
725
912 49 913
914 86 684 19
915 32
1
684
3
3
3 904
3
5 32
1
697 697
3
3 676 19
1
675 32 916
3
32
917 918 919
3 904
3 642 355 641
49 675
32
920 1
3 676 86 5 413
3 906
3
9 218 921
137 400 85
3 676 86 5 413
9 218 921
9 218 175
3
3
3 86 1
766 32 922
32
3 887 888
3 3
3 5
3 915 32
3
3 915 32
923
923
111
923
923
3
3 806 19
684
49
19 1 22
676 924
3
901 925 40
926
3
927 32
280
3 9
32 527
3
3
1 9
3
32
1 928
3
49
929 930
3 766 32 922
560 29 5
3
931
265 1 266
265 1 266
3 49
3 86 9 506
3 766 32 922
178
3
932
3
3
40
933
49 934
82 935 319
3
936 32 937
29 32 32
3
3
3
501
113 1
147 69
9 218
938
3
939
675
5 280
3 676 86 828
1 85 58
676 940
3 32
941
3 86 511 645
111
3 915 32
3 678
3
5
942 5
9 32 735
280 227 705
382 111
3 32
3
675 32
3 113 1
675
3 32 5
9 696 943
3
675 667
3 40
1
944
3
23
280
945
223 9
3 676 32 677
3 86 482
684 946
49
728
3
3 676 280
684 280 5 1
947 1 948
3 788 566
3 949
139 950
3 675
676 951
3 86 676 1
9 952
347
3
3 806 19
265 1 266
3 82 86 694
3
3 660 58 19
460 953
19 86
3 32 138
954
3 806 19
955 280
23
676
956 535
178
86 5
1
86 5 86
3
957
1
215 675 32
675 32
215 5
675 32
675 32
675 32
215 675 32
675 32
86 1
5 958
675 32
675 32
959 684 960
3
3 675
961 163
684
696 19 962
3 126 178
766
86
3
3 806 19
5 86
1
3 501
963
9
280
535
1
280
86 19
3 964
86 5 389
86 5 389
3
3 806 19
32 684
965
676
3
5 280
5 280
3
966 967
3
3 968 526
969 970
336
684
3
676
971
3 676
684
3 676
3 676
3
3
280
3 5 280
32
3
3 676 86 828
3 675
972
973 974
675
5 280
5 86
5 86
3
3 113 1
3
3 32
86 676
3 32 578
3 676
3
32
3
280 5 1
3
3 676 86 828
163 40 961
975
5
265 1 266
1 163
3 972
976
32 977
675 32
978
675 32
675
3 113 1
3
878 684 979
32
32 684
3 676 86 828
3 676 86 828
49 1
3 684
3
1 176
980
3 676
676
1
3 1
1
3
3 956 535
3
696
86 675
684
3 975
3 676
3 676
280 5 1
3 86 9
3
566 1
9 29 178
3 82 86 694
5 5 280
981
5 5 280
32
3 19
3 969 970
178 982
676 5
3
983 984
983 984
3 113 1
3
980
676 985
3 86 482
40
986 113 1
3 32
676
3 49
987
5 5
5 1
86 5 98
3
32 1
32
988
32
32
675 32
74 675 32
675 32
675 32
3 676 86 828
989
3
990
265 1 266
32 5 742
675
364
1 5
684 5
991
178
1
3 983 984
86 5 98
3 32 5 742
961
992
485
3
3 806 19
3
1
993 994 995
19
3 82 86 694
684 34
996 413
676
684
1
3 32 362
3
997
3
3 980
3 676 86 5 413
3 992
40
3
32 5 742
32 5 742
3 113 1
3
3 3
1
998
3
3 86
3
3
3 676 5
3 82 86 694
755 178
3
111 5
3 86 9 506
3
3 806 19
3 3 32 5 742
999 1000
3 1001 985
3 705 32 111
3
32
86 675 19
1 86 233
163 40 961
32
3 806 19
33 1000
3
1
3 676
32
3 578
895 1002
86
1003
566 1
1004 5
76 77
163 40 735
3
3
3
86 676
32
1005
3 86 9
9
1006 1007
49
32
5 5
3 85 86 1
3
3
3 1008
163 40 735
675 32
735
49 92 767
1009 1 336
86 1
3
1
1010 1
49
3
5 86
3
1011
1012 1
51 1013
1014 51
163 40 735
1015
3 86 9 506
3 32 5 742
32 9
3 86 1
3 501
5 32
735
3 86 1
3 758 178
3
1 527
5 223
3 86 1
3
49
1016 1
3
163 40 696
3
1 1017
3 86 1
3 676
1018
1019 9 40
3 622
1020 1021 32 29
1022 5
368
32 1
32 86
910 676
334 1
1023 5
3 86 1
3 1
3
3 32 5
3
3
32 1024
3 5 280
3 86 1
3
675 32
3
368
3
86
1023 5
3 676
3 32 5
3
676 32 9
951
3 86 1
3 86 1
3 86 1
1023 5
368
3 32 138
3 86 1
49
1023 5
1025
3 1
19 1
86
19 1
3 82 86 694
3 1 1026
3 1027
3 86
3 32 138
3 86 1
3 32
178 1028
3 40
3
3 86 1
924
1029
3 1022 5
3 49
3 806 19
3 86 1
302 1030
3 86 1
32
1031 1032 1033
3 1 1026
86
5 5 5
3 86 1
1034
3 676 86
1035
49
3 86 1
3 32 138
3 49
86
1023 5
3 86 1
19 1
684
32 924 1036
3 5 5
389
86
3 32 362
1037
3 86 1
3 5 5
3
3 5 5
1038 280 12
1039 1040
163 40 735
32 535
32 676
3 1 1026
3 1022 5
1023 5
676 86 1
3 5 5
3 32 362
3 86 1
3 86 1
3
1 58
3 86 1
1041 42
3
19 1 5
86 163 1042
3 5 5
1043
3 86 1
1003
86
3 86
3 1034
675 32
675
32 684
5
1044
675
675
3 86 1
3 86
108
1045 32 677
3 86 1
1046 1047
3 5 5
340 19 5
1022 5
3 86 1
3 86 1
3 5 5
3 49
3
5 86
49
3 5 5
3 5 5
3
3 5 5
86
676 5
3 49
163 40
5 1
201 261 178
280
3
3 340 19 5
19 1 676
1048 1031 1032 1033
9 40 482
3
280 671
1049 514
3
3 5 5
3
3 5 5
3 86 1
3 676
1050
32 178
3 5 5
32 5
3 49
19 1 676
5 280
3
684
3 280
3
5 1051 1052
735 173 178
767
3 86 1
340 9
3 86 1
1053 755
3 1029
1054
3 676
23
1023 5
684 829
3 86 1
3
3 32
3
3 32 362
676
1055
340 482
3
111 93
675 49
1 86
1022 5
86
3 280
265 1 266
1
3 32
3 806 19
3 32
3 5
3 1034
178
1 86
178
32
1056 1015
3 676 280
684 5
3 956 535
86 5
1057 1058
111
3 86 1
705 725
178 400
19
1 816 78
684
5 5
3 1022 5
49
32 5 742
3
85
334
3 1022 5
1059 233
1022
40
3
1022 5
86 5
705 725
5 51 5
676 86
32 684
3 1056 1015
3 86 482
178
1023 5
5 32
1
3 280
5 280
1060
5 280
1061 106
1055
3 86 1
3 1022 5
3
1
163 40 696
3 1022 5
280 684 1 863
3
3
32 684
3 178
32 684
49
49
3 5 5
684
924
111
3 32 362
3
5 280
3 5 5
1022 5
3 676 599
163
19 1
354 32 86
49
725
725
725
3 1062 684
3 5 5
684
3 676 86 1
5 1063
5
5 514
1064
3 5 5
5 514
3 5 5
5 514
5 514
5 514
5 514
43 5 1
1
5
5 514
5 514
1065 5 514
3 138 138 29
215 1066 5 514
1067 1022 5
111
3 82 86 694
1068
3 138 138 29
675 49
675 49
3 23
1069
3 1070
675 49
9 218 1071 893
1072
3
1073 280
3 86 9
1074 1075
86 9 32
3
3 5 5
111
5 32
9 1076 32 684
973
1023 5
227 1077 1078 19
517
5
1079 1080
675
280
3 163
1081 303 19
684
3 5 5
32 482
675
684 86 1082 1083
5 86
5 86
1084
1
280 5 1
715 5 1 359
3 766 32 922
29
5
9 1 569
3 5 5
3 1056 1015
1
3 33 35
3 86 9 32
3
3 5 5
3 86
1085
684
3 86 9
86
1086 3
32
3 5 1 676
302 1030
3
40 1087 1088
569
5
3 5 5
49 152
1089 1090
3 5 86
3 86 9 32
32
1091 1092
32 675 32
979 684
49
569
49
1
1045 86
1022 5
3 5 5
3 1022 5
86 5
3
901
32 563
32 684
32 684
32 684
3
3 569
3 1
3 676 86 1
3 49
1093 1094
280 705 227
1023 5
676 227 1095
86
3 32 138
3 1023 5
662
265 1 266
684 1
3 684
3 23
5 1
569
178
1023 5
3 5 5
3 705 227
85
9 32
86
3 5 5
3 5 5
3 5 1 676
5 51 599
3 32 578
19 1096 1097
3 280
3
49
3 5 5
1098 178
49
3 86 1
3 113 1
3 5 5
3
1022 5 349
3 86 1
598 527
86
111
3
3 86 9 506
3 5 5
3 1023 5
3 806 19
3 86 9 32
3 86 1
3 32 362
1 233
1
5 958
1099
3 806 19
675 49
86
3
3 904
675 49
675 49
675 49
3 501
32 684
675 49
675 49
675 49
675 49
675 49
675 49
675 49
675 49
675
1100
675 49
675 49
9 5
32 684
40
32
1045
86 9 506
86
382
1
1101
1102 1 176 233
32 1103
86 9 506
178
178
5 5
767
32 684
1104
676 86 828
1022
1105
662
32
12 504
32
51 344 536
1 49 1106
32
49
32 684
675
9 32 5
954
86 9 506
761
684 86
767
36
36 5
1 5
1107 108
1108
1109
86 676
280 781 1110
1101
616 371
32
1111 1112
5
49
1113
1027 1000
1
1022 5 1114
178 32 1115 40
1022 1 40
1116
1027
1022 5
1117
1118
82 86 694
156 684 1119
217
178 1120
1121 675 1122
1022
19
86
1123
5 5
676 599
86 9 32
1022 5 349
715
1124 696
1117
93 9 32
1125 49
5 5
49 1126
32 362
5 5
676 696
5
239 32 9
9 676
9
40
221 121 1127
1128 111
168
49 1126
5 5
1027 1129
1022 5
684 32 1130
1022 5
32 684
1131 1132
1133
1134 1135
684
49 1126
1136
111
5 5
32
40 676
735 5 370
178
9 5 51
280
86 1
19 1 676 599
1 5
1137
684 40 58
1 5
501
32 362
32 40 51
1138 684
1139
86 5
49 1126
49 1126
5 1
163
684 40
684 40 58
9
1140 1
1141
85 1 5
32
178
1142
51
49 1126
1
1
909 19 40
156 684 1119
86 9
676
131
1143 1144
5 1
1
49 1126
5 5
676
1
1145
318 32 578 1
163
82 86 694
86
86 9
1146
86 1
178 86 1
5 5
1147
86 9 506
86
1148 1149
1
107 178 1 1150 178
86 1
5
1022
1027 1000 1151
1152
9
676 1153 12
1154
168
32 1155
139 950
1156
86
82 86 694
178
86 1
107 178 1 1157
1158
86
1159
1148 1149
178 126
938
1123
32
1160 86
82 86 694
82 86 694
32 1161
1
1 1162
1022 5
723
1
126
40 163 1163
222 19
1
1164
32
32 684
178
36 5
578
58 1 266
5 1165
1166 1167
107 578
49 1126
36
32 86
1168
1169 1170 1171
1
675
32 138
58 1 266
111
126 776
82 86 694
82 86 694
86 1
1172
1159
33
149
1160 86
1018 1173
1174 390
1 1175
82 86 694
5 1165
1176
676 19
9
1
1177 527
86 5
58 1 266
676 19
51 5 29 12
675
364
1 5
1154
58 1 266
389 5 280
961 767 32 463
32 32
578
33
1022 156 5 1
1178
32 111 32
5 1179 1180
354 9 676
684
684
684
684 86
86 1
111 214
111
40 675
1181
32 511
1176
676 1182
5
961 767 32 463
126
306 1183 7
1184 684
86 9
5
5
1184
1022 5
1185 1186
86 1
1
86 1187
1169 1170 1171
1188 40 675 49
9
966 967
51
32 51 856
400 5
1189
684
1190
5 5
9
675 86
1
178
684 19
32 5 742
5 1179 1180
1184
1191 1192 1186
107
82 86 694
675
32 527
1193 86 694
942
764 527
86 9
32
32 684
1184
280
715
306
1191
1194 5 1195
1053 828
1 1196 280 684
1 280
1197
1 58
299
86 5
501
1198 1199
5
676
107
178
29 178
1200
9 1201 511
961 767 32 463
9 1201 511
33
107
29 1202
1203
1198
1204
596 1
215 675 32
86
306 178 178 107 1
1205
32 32
5 5
1
364
1 5
306
767 684 280
1206
306
1203
32 5 742
178
32 684
23
178
1207 107 1208
40
1200
32 684
1012
29 1202
5 1
1209 1
676 32 359
613 1200
1053 178 107
49
1210 1211
306 178 178 107 1
1212 1205
1210 1211
163
1213
280 684 1 863
32 29
1214 9 1201 511
676 86 5 413
86 482
1210 1211
178
86 5
86 1
613 1200
19 1
40
1210 1211
306 178 178 107 1
1212 1205
1210 1211
163
1213
280 684 1 863
32 29
1214 9 1201 511
676 86 5 413
86 482
1210 1211
178
86 5
86 1
613 1200
19 1
40
178
621 40
1215
306 178 178 107 1
1216 126
1191 107 306
1217 675
1200
32 32
1 86
86 1218
1219 306 178 178 107 1
58 1 266
1027 1220
32 362
32 29
1174 390
1206
1200
107 1 1192
215 675 32
697
1221
870 1222
86 1
1223 1
1184
9
32
233
676 19
1200
5
9
49
178
1
29 1202
961 767 32 463
233
1224
58 1 266
613 1200
32 1225
1
5 1
233
9 178
86 9 32
1226
40 32
389 5 280
5
86 482
9 178
32 9
32
9 1201 511
85 86 1
1227 511 178 107
19
178
9 178
5
1228
961 767 32 463
9 178
859 1
390 107
178
1229 1 107 1230
1
806 19
1231 178
1210 1211
1232 400
93
19 1
19
32 684
111 111
32 684
32 684
1233 1234
544
1227 511 178 107
1174 390
1235
5 1236
1027 1027
1237
5
36
82 86 694
1
1235
1022 156 5 1
5
1238 1239 1226
142
1053 390
1184
86 1240 684
1241 1210 1211
1
107
5 1
1053
5
1022 156 5 1
1242 280
349
1022 5
40 675
1 86
19 1
126 776
107 1243
1053
1
107 1244
32 578
1245
1246
9
58 213
280
364
1 5
1235
9 676
9 1247
86 5
1248
1249
1250 1251
1252
657
1210 1211
280 684
400 621
1201 1253 107
107 1
86 9 32
1 1254
1255 306
86 5
32 684
32
1
32 362
280
40 1256
5
86 9
32 107 9 1 1257 1258 1259
1250 1251
1
82 86 694
32 107 9 1 1257 1258
1210 1211
280 684
400 621
1201 1253 107
107 1
86 9 32
1 1254
1255 306
86 5
32 684
32
1
32 362
280
40 1256
5
86 9
32 107 9 1 1257 1258 1259
1250 1251
1
82 86 694
32 107 9 1 1257 1258
1260
1053
676
1261 1262
1250 1251
1191 107
302 1263 1264
86 5
1265 40
82 86 694
107 1266 306 1267 25
178
1268 829
107 1
126
1252
126 776
136
86 9
1174 390
1269
178
1226
5 5
5
306
107 1270
1271 1272 767
1053
1 1273
1200
178
107 1
36 5
32 107 9 1 1257 1258
36 5
676
1235
5
1250 1251
1274 1
1053
32 107 9 1 1257 1258
1271 1272 767
32 5
1053
86 482
107
1
1275 1252
107 9 1250 1251
111 85
1276 178 1277
32 362
1252 1251 1278
1053 107 9
1053 107
108
1266
1252 1251 1278
676 19
1189
1250 1251
1022 5 1022 156
1022 5 1022 156
1022 5 1022
108
1184
1279
1235
1280 178
1 1281
1053
1176
1
163 40
1282
1022 5
29 1283 156
1284
40
1285 1259
108
535 870
1286 79 5 1287
1053 19
108
1288
86 1
1053 390
1289
1053
1053 19
1252 1251 1278
1252
1290
1260
5 107 1
1192
390
5
9 1
1053 19
280
107 29 107
390
126 776
1184 9 107 178
49
107 178
1275 1252
32 684
32 362
569 605
1 1
684 880 40
1291 1292
684 32
29 1283 156
85
1053 390
1293
1184
1086
1252
1252
9 1
1294
1184 9 107 178
1252
32 684
108
5
69
107 178
5 107 1
40 675 32
40 32
1
1252 1251 1278
1250 1251
32 93
86 9
390
5 5
32 9 676
111 107 1250 1251
5
86
1200
107 178
306
715 5 1 359
49
178
107
107 178
390
32
1
32 9 676
9
1269
35
5 107 1
1295 306 1
1296
19 1 676
107 178
1252
1174 390
1184
1 32 1297
69 1298 1299
32 32
32 32 9
217
1300 1
108
32
217
86 1
107 178
676 86 5 413
5 205 218
1184 19 827
1301
32
1296
40 675 684
1
32 675 49
93
32 684
32 684
1
86 1
1 1022 5
32 675
86 5 1
5 1
40
32 676 32
1302
1184 306
32 684
32 684
32 684
1053
1 1303 684
280
32 32
32 9 676
86 9 32
5
1304
354 9 676
1305 5 1
1306 1022
156
32
1022 5
32
5 5
1022 5
86 1
32
1022 5
1
32
86 482
1022 5
5 1
1 58
1083
1307
1 1308
5 280 1309
32 1308
107 1310 49
85
107 178
5 107 1
5 107 1
168
29 1202 5 85
1311 9
501
1083
1191 9 49 1312
58
806 19
107 178
5 192
156 12
366
107 684
306 178 178 107 1
86
1184
156 12
1207
1053 1313
32 684
107
1053 1313
1314 1315 1316
1
1317 1 821
901
1318 107 676
1319 107 1 254
1053 1313
29 1
848
86 482
1320 40
32
1 49
5 1
5
194 1321 1
86 1
86 1
1 1022 1022
1022 5 1022 156
859 1
86 1
215 1 1022 1022
1322 5 1022 156
215 86 1
86 1
1 1022 1022 156
86 1
1022 5 1022 156
5
86 1
1323
19 32
5
1
32 1
1053 1313
194 1321 1
19
1053 1313
1324 9
9
1 848
9 5 1325
1326
19 1327 1328
1323 1329
306
1330
1053 1313
86 5
1331 111
676
684 1332
1321
1053 19
5 5
1333
49
421
107 684
32
32 361 1177
1
649 1000
1053 1313
1
5
1018 1334 1335
32 675
1336 1337
859 1
280
1321 19
86
32 361 1177
1321
501
107 1270
1321 19
1338 1339
86 1
32 684
111 349
859 1
1027 1000
86
1
32 684
49 49
1321 19
1321 19
32 684
32 32
86 1
32
32 32
49
32 32
32 32
32 32
32 684
58 1340
1321 19
32 5 742
49 1321
1323 502
156 5
156 5
1321 1
32 684
32 32
107 178
86 1
49
1321 19
86
1321 49
19 1 676 5
1321 19
1323 502
1341
1
49
1321 49
19
1342
1321
49 1321
1321 19
280
1321 19
156 107
1321 49
1
1321 1
49 1321
51 1 58
1343
49
9 107 1344
1345 1346 1
1321 49
49
49 49
32
19 502
49 49
1 324 40
1347 1348 1
49
306 178 178 107 1
107 511 1 400
1349 1350
49
1351 1
111
49
49 1321
1321 1
1352
49
1345 1346 1
156 107 1353
1
19 502
32 29
1354 1355 1356
49
306 178 178 107 1
19 502 1321 1
5 9
306
49 1321
32
9 107 1344
19 502
1053 1313
29
1321
1357 12 5 58
111
49 49
1 58
32
19
49
19 502
1357 12 5 58
1321
5 12 5 58
5 12 5 58
178 25
5 12 5 58
5 12 5 58
1
1 324
19 502 1321 1
1
19 502 1321 1
19 502
32 9 676
49 49
51 1
1358
1359
233 32
86 1
1360 5
5 1
32 362
51 86
1
1
1017 1
1
5 12 5 58
1357 12 5 58
1361 32
86
49
58 1 266
49
461
5 12 5 58
1362 1363 1364 1365
49
32
49
1351
233 12
1 58
1 1
107 40
107 5 1 107
5
1366 1367 1368 9
19 502 1351
306
49 49
1000 1027
1321 1369
1370
51 1
107 413 1 400
9 107 1344
1357 12 5 58
1371
1357 12 5 58
40 1372 9
19 19
142 32 36
19 19
19 19
1373
19
19 19
19 19
19 19
19 19
19 19
49
86
1374
86 676
32
9 107 1344
1
9 12
621 19 19
5
482 1321
676 19
482
5 1
5 49
19
19 502 1321 1
233
108
1375 1376 9
19
1377
32
9 1378
482 1321
108 51 108
1379
482 1321
178
1252
1380
233 12
86 1
1381
806 19
156 107 1353
178
1382 482 1321
1383 675
178 809
32 684
40 32
1384
19
5
19 1 676 5
12 19 1385
19 1 676 5
178
413
178 40 1386
1387 1388 1389
1323
1387 1388 1389
482
1 1026
33 35
1390
178 40 1391
1392 23 12 58
364
1 5
1
19 19
85
1393 1394
482
51 1
111 1395
1200
1396 23 40 12 233
19
126 1397 319
32
1252
32 684
36
19 1
1396 23 40 12
482
19
1074 1398 35
32 40 9 218
32 32
482
32 138
178
19
1321
1 1399 19
1
415 12 12
58
1400
156 107 1353
1
482
1 1399 19
1401
1402
482
156 107
67
1
1 1399 19
19
19
19
178 40 1403
482
32 4
32 5
735
33
93 1323
5 1404
371 1405
1406
1407 1408
49
5
1 1399 19
178
1409
19
86 1
482
723
906 403
708
156 107
1176
32 5
1410
1
49
1411 1412
5 107 156 19
40
699
33 1413
178
1357 12 5 58
1410
1414 1 1415
1416
1
32 151
9 1
1 1399 19
5
1417
1
1418 5
1321 1419
1
93 1323
35 385 33
482
1420
32 5
163
156 107
49
1414 1 1415
1410
5
1321 1421 1422
5 12 5 58
156 5
156 5
19
1
1357 12 5 58
1360 1423 1424
1410
233 1132
1425 1419
1426
1427 878
482
1414 1 1415
32
86 19
1321 1421 1422
1428 1429
156 107
32
49
1
1410
482
1414 1 1415
51 1430
32
961 767 32 463
1252
1414 1 1415
32 675
1252
1414 1 1415
1379
1414 1 1415
36
1405 1431
1379
5
1323 40
32 362
32
175
32
43 9 292 1308
79
12
5
1321 1421 1422
1414 1 1415
1432 5
482
1
1433
32
19 502 1321 1
1123
5 1
107 178
111
1323 222
806 19
1
684 5
5
1123
1428 1429
1434
111
32 362
1435 9 1
19 19
111
1436
1366 1367 1368 9
5
32 111 32
1437 1438 1439
1426 482 372
1440 29
1441
1434 587
29
1442 1443
12
1 366
111
178 1444
9
32 675
1445
1442 1443
1379
1446 1447
33 1448
1449 482
49
156 107 590
1434 1450 1451
12
1 1452
806 19
32
5
1453
1434
1442 1443
1360 5
215 86 1
1
1454
1455
1410
1456 1457
1
1022 5
1434
1414 1 1415
1458 19
9 32
1459
676 19
458
1 1460
1321 1421 1422
12
1445
32 413
32 413
32 413
32 413
32 413
32 413
32 413
32 413
1461 1462 349
1459
676 19
458
1 1460
1321 1421 1422
12
1445
32 413
32 413
32 413
32 413
32 413
32 413
32 413
32 413
1461 1462 349
1002
178
36
5
19 1
1463 1464
1465 1466
501
32
1321 1421 1422
32
36
482
458
142 32 36
1467 35 156 1468
111 214
32 675 32
806 19
36 560
67
58 5
36 560
36
98
463 1469 1470
5 12 5 58
86
1360 78
227
1471 1472
156 5
5 280
5
58 1 266
1473 1474 176
86
220
1321 1421 1422
9 32
36
79
1252
5 1
1 19 19
23 93 32
1321 1421 1422
49 1475 9 1
19 1
1476
33 35
58 93 213
1477
280
5 856
5 856
1475 1
1478
1
1184
5 1 213
111 214
19
49 1475 9 1
1 19 19
5 5
19 1
5
5
19
111 214
1434
32 40 676
58 1 266
5 49
87 88
1360 1360
1478
613 111 214
23 93
1479 463
5
715 5 1
19 1
1480
1321 1478
51 1467 35
51 1022 156
19
5
1481
156 107
1482
1478
1483 19
1321 1421 1422
1484 1485
1486
735
87 88
1462 49 32 40
613 111 214
1426 306
23 93
9 32